((((0.4375 0.765625 -0.164063) (0.62944734 0.2709539 0.81158376 0.6700171)
   (0.53039837 0.13420253 0.45683667))
  ((-0.4375 0.765625 -0.164063) (0.2539736 0.93773544 0.8267517 0.44206798)
   (-0.53039837 0.13420253 0.45683667))
  ((0.5 0.6875 -0.09375) (0.2647184 0.6163341 0.19508076 0.094441175)
   (0.5630137 0.59247184 0.46748704))
  ((-0.5 0.6875 -0.09375) (0.55699635 0.37676394 0.093762994 0.9857626)
   (-0.5630137 0.59247184 0.46748704))
  ((0.546875 0.578125 -0.054688) (0.91501355 0.99292254 0.929777 0.93538976)
   (0.689013 0.46468902 0.46578166))
  ((-0.546875 0.578125 -0.054688) (0.31522608 0.45167792 0.9411855 0.96221936)
   (-0.689013 0.46468902 0.46578166))
  ((0.351562 0.617188 0.023437) (0.9143338 0.21972346 0.9707513 0.5962117)
   (0.18901098 0.44766366 0.8119644))
  ((-0.351562 0.617188 0.023437) (0.6005609 0.5940589 0.2837726 0.009566903)
   (-0.18901098 0.44766366 0.8119644))
  ((0.351562 0.71875 -0.03125) (0.84352255 0.22492898 0.83147097 0.2795267)
   (0.084217004 0.63179135 0.6684513))
  ((-0.351562 0.71875 -0.03125) (0.5844146 0.7568612 0.9189848 0.0073252916)
   (-0.084217004 0.63179135 0.6684513))
  ((0.351562 0.78125 -0.132813) (0.31148136 0.59585714 0.07142329 0.72258794)
   (0.030185502 0.15050666 0.6656035))
  ((-0.351562 0.78125 -0.132813) (0.6982585 0.42384863 0.86798644 0.36271906)
   (-0.030185502 0.15050666 0.6656035))
  ((0.273438 0.796875 -0.164063) (0.35747027 0.797477 0.51548016 0.4812944)
   (-0.4474566 0.0718684 0.5324402))
  ((-0.273438 0.796875 -0.164063) (0.48626482 0.94951725 0.784454 0.84417534)
   (0.4474566 0.0718684 0.5324402))
  ((0.203125 0.742188 -0.09375) (0.31095576 0.34773028 0.34237337 0.60382617)
   (-0.35811317 0.733335 0.44015682))
  ((-0.203125 0.742188 -0.09375) (0.4120921 0.5945598 0.06366563 0.63310087)
   (0.35811317 0.733335 0.44015682))
  ((0.15625 0.648438 -0.054688) (0.5538459 0.74485755 0.092342734 0.2982279)
   (-0.52078223 0.50548726 0.58739126))
  ((-0.15625 0.648438 -0.054688) (0.19426346 0.9881369 0.64691556 0.64380646)
   (0.52078223 0.50548726 0.58739126))
  ((0.078125 0.65625 -0.242188) (0.38965714 0.2503655 0.6341989 0.5274999)
   (-0.76482934 0.55291337 -0.10389501))
  ((-0.078125 0.65625 -0.242188) (0.90044403 0.98117805 0.06889212 0.32721102)
   (0.76482934 0.55291337 -0.10389501))
  ((0.140625 0.742188 -0.242188) (0.8774886 0.25179327 0.76311684 0.42041814)
   (-0.64768237 0.6730536 0.0694096))
  ((-0.140625 0.742188 -0.242188) (0.5310335 0.10243285 0.59039974 0.072882414)
   (0.64768237 0.6730536 0.0694096))
  ((0.242188 0.796875 -0.242188) (0.3737452 0.8174622 0.9795288 0.9159782)
   (-0.6481886 0.19993475 0.00777163))
  ((-0.242188 0.796875 -0.242188) (0.8911723 0.9751378 0.2926259 0.5879499)
   (0.6481886 0.19993475 0.00777163))
  ((0.273438 0.796875 -0.328125) (0.41872954 0.84174955 0.5093733 0.615062)
   (-0.45768043 0.065935604 -0.531436))
  ((-0.273438 0.796875 -0.328125) (0.5520501 0.4115485 0.35940528 0.0056368113)
   (0.45768043 0.065935604 -0.531436))
  ((0.203125 0.742188 -0.390625) (0.31019592 0.4214077 0.32522345 0.2879219)
   (-0.41956645 0.71003836 -0.4271609))
  ((-0.203125 0.742188 -0.390625) (0.23799527 0.9120656 0.99672806 0.54783416)
   (0.41956645 0.71003836 -0.42716086))
  ((0.15625 0.648438 -0.4375) (0.91948783 0.14750922 0.68077135 0.75351477)
   (-0.42435798 0.5293703 -0.6538427))
  ((-0.15625 0.648438 -0.4375) (0.17053545 0.6163509 0.44762385 0.035547733)
   (0.424358 0.52937037 -0.6538427))
  ((0.351562 0.617188 -0.515625) (0.50253403 0.64249194 0.5101901 0.64168155)
   (0.19391468 0.49452135 -0.786685))
  ((-0.351562 0.617188 -0.515625) (0.011914015 0.88014805 0.39815342 0.825333)
   (-0.19391468 0.49452135 -0.786685))
  ((0.351562 0.71875 -0.453125) (0.78180647 0.84633017 0.9185828 0.16191328)
   (0.08951883 0.6451155 -0.67047334))
  ((-0.351562 0.71875 -0.453125) (0.09443104 0.31611514 0.27724886 0.5234624)
   (-0.08951883 0.6451155 -0.67047334))
  ((0.351562 0.78125 -0.359375) (0.29858792 0.46031213 0.51501644 0.61946905)
   (0.025749832 0.1396285 -0.680324))
  ((-0.351562 0.78125 -0.359375) (0.6814344 0.97704315 0.50856435 0.6648965)
   (-0.025749832 0.1396285 -0.680324))
  ((0.4375 0.765625 -0.328125) (0.6285696 0.5996634 0.48704994 0.027078152)
   (0.53944117 0.12457683 -0.45558283))
  ((-0.4375 0.765625 -0.328125) (0.8585272 0.43447566 0.6999675 0.81472933)
   (-0.53944117 0.12457683 -0.45558283))
  ((0.5 0.6875 -0.390625) (0.39319038 0.69693553 0.5021677 0.91003513)
   (0.56535363 0.6039364 -0.46099883))
  ((-0.5 0.6875 -0.390625) (0.23208928 0.5577954 0.94657767 0.9749192)
   (-0.56535363 0.6039364 -0.46099883))
  ((0.546875 0.578125 -0.4375) (0.70331895 0.13519073 0.6616572 0.58719516)
   (0.6869527 0.48547766 -0.45162463))
  ((-0.546875 0.578125 -0.4375) (0.17052817 0.18900704 0.09944713 0.4655974)
   (-0.6869527 0.48547766 -0.4516247))
  ((0.625 0.5625 -0.242188) (0.8343873 0.39046574 0.5716779 0.35963953)
   (0.8283515 0.473344 0.0055650026))
  ((-0.625 0.5625 -0.242188) (0.51440036 0.7846409 0.5074581 0.123114824)
   (-0.8283515 0.473344 0.0055650026))
  ((0.5625 0.671875 -0.242188) (0.7608917 0.41613603 0.13564324 0.054742813)
   (0.77296203 0.5559612 0.0026666648))
  ((-0.5625 0.671875 -0.242188) (0.15170848 0.80841696 0.10790014 0.7055248)
   (-0.77296203 0.5559612 0.0026666648))
  ((0.46875 0.757812 -0.242188) (0.061595082 0.18564773 0.55833435 0.71269023)
   (0.7255437 0.33730087 0.006676664))
  ((-0.46875 0.757812 -0.242188) (0.86802125 0.9299327 0.25981236 0.30887675)
   (-0.7255437 0.33730087 0.006676664))
  ((0.476562 0.773438 -0.242188) (0.13764727 0.7898164 0.93878126 0.7745918)
   (0.66997135 -0.016390156 0.009733334))
  ((-0.476562 0.773438 -0.242188) (0.023804069 0.4539094 0.67424524 0.77713954)
   (-0.66997135 -0.016390156 0.009733334))
  ((0.445312 0.78125 -0.335938) (0.32436454 0.8549856 0.58856905 0.87223506)
   (0.3792698 0.049543213 -0.43455124))
  ((-0.445312 0.78125 -0.335938) (0.62242997 0.72535634 0.057066202 0.24071991)
   (-0.3792698 0.049543213 -0.43455124))
  ((0.351562 0.804688 -0.375) (0.3312974 0.23909426 0.20396388 0.9439136)
   (-0.047378797 0.091162406 -0.54249376))
  ((-0.351562 0.804688 -0.375) (0.52594256 0.68043935 0.30815816 0.05968392)
   (0.047378797 0.09116238 -0.54249376))
  ((0.265625 0.820312 -0.335938) (0.37842894 0.4322014 0.49630308 0.9767587)
   (-0.41024938 0.12967582 -0.32791102))
  ((-0.265625 0.820312 -0.335938) (0.9010831 0.44098687 0.16764271 0.8251549)
   (0.41024938 0.12967582 -0.32791102))
  ((0.226562 0.820312 -0.242188) (0.45795393 0.010996938 0.8266747 0.11653745)
   (-0.42227647 0.2381095 0.0071372497))
  ((-0.226562 0.820312 -0.242188)
   (0.30475593 0.006379962 0.65163386 0.92494833)
   (0.42227647 0.2381095 0.0071372497))
  ((0.265625 0.820312 -0.15625) (0.07668483 0.093183875 0.9922694 0.8951688)
   (-0.40721938 0.12948501 0.3410308))
  ((-0.265625 0.820312 -0.15625) (0.15635097 0.7089019 0.8853564 0.20846295)
   (0.40721938 0.12948501 0.3410308))
  ((0.351562 0.828125 -0.242188) (0.21330547 0.9970883 0.92379606 0.95985115)
   (0.1850091 0.95706314 0.0034861285))
  ((-0.351562 0.828125 -0.242188) (0.009268403 0.06863451 0.5498209 0.95400405)
   (-0.1850091 0.95706314 0.0034861285))
  ((0.351562 0.804688 -0.117188) (0.63460636 0.72637284 0.7373893 0.3590393)
   (-0.047715396 0.0903026 0.5465642))
  ((-0.351562 0.804688 -0.117188) (0.16887164 0.69246674 0.7995652 0.71175027)
   (0.047715396 0.0903026 0.5465642))
  ((0.445312 0.78125 -0.15625) (0.5197407 0.090119004 0.6001369 0.32023895)
   (0.3772738 0.047886383 0.4422408))
  ((-0.445312 0.78125 -0.15625) (0.86282754 0.49988186 0.82129514 0.26599205)
   (-0.3772738 0.047886383 0.4422408))
  ((0.0 0.742188 -0.429688) (0.36369395 0.9647211 0.5276058 0.1907103)
   (-7.450581e-9 0.16682029 -0.66834223))
  ((0.0 0.820312 -0.351563) (0.29107785 0.5653465 0.27213705 0.6042229)
   (0.0 0.7750877 0.08932766))
  ((0.0 0.734375 0.679687) (0.7385844 0.15511405 0.15940917 0.2547686)
   (0.0 0.998914 0.032898996))
  ((0.0 0.78125 0.320312) (0.09972036 0.016187787 0.28990948 0.360574)
   (-4.967054e-9 0.40151668 0.7780687))
  ((0.0 0.796875 0.1875) (0.7060622 0.067866206 0.24411023 0.87733364)
   (0.0 0.34093624 -0.43780178))
  ((0.0 0.71875 0.773437) (0.70190465 0.39910233 0.026499033 0.27600265)
   (0.0 0.22299032 0.918456))
  ((0.0 0.601562 -0.40625) (0.80361605 0.76466584 0.15193331 0.5248425)
   (0.0 0.4106535 -0.536703))
  ((0.0 0.570312 -0.570312) (0.4798323 0.080942154 0.24663782 0.50591195)
   (0.0 0.82227063 -0.45859966))
  ((0.0 -0.546875 -0.898438) (0.3678155 0.009541988 0.479905 0.6452098)
   (0.0 -0.53998536 -0.7217821))
  ((0.0 -0.851562 -0.5625) (0.83453405 0.96344614 0.09930885 0.6469108)
   (0.0 -0.8185805 -0.2868965))
  ((0.0 -0.828125 -0.070312) (0.8054322 0.6036545 0.8895743 0.095888495)
   (4.967054e-9 -0.87824833 0.24771464))
  ((0.0 -0.351562 0.382813) (0.9817281 0.4956951 0.97850525 0.088112116)
   (-7.450581e-9 -0.29630998 0.88986003))
  ((0.203125 0.5625 0.1875) (0.67543876 0.77545226 0.8001076 0.68767905)
   (0.5785577 0.24948083 0.28170484))
  ((-0.203125 0.5625 0.1875) (0.73849356 0.06653702 0.22240543 0.32574415)
   (-0.5785577 0.24948083 0.28170484))
  ((0.3125 0.570312 0.4375) (0.5605041 0.7547277 0.7794776 0.42060363)
   (0.83826435 0.13688101 -0.20201752))
  ((-0.3125 0.570312 0.4375) (0.48338246 0.545506 0.80782425 0.9848839)
   (-0.83826435 0.13688101 -0.20201734))
  ((0.351562 0.570313 0.695312) (0.192909 0.4468398 0.26394653 0.980603)
   (0.8437745 0.15322183 -0.08045267))
  ((-0.351562 0.570313 0.695312) (0.88410115 0.9098867 0.912269 0.30393732)
   (-0.8437745 0.15322183 -0.08045267))
  ((0.367188 0.53125 0.890625) (0.15041709 0.51500726 0.11955905 0.87049127)
   (0.77357215 0.19672285 0.2098475))
  ((-0.367188 0.53125 0.890625) (0.4695598 0.10576236 0.70631707 0.10630512)
   (-0.77357215 0.19672285 0.2098475))
  ((0.328125 0.523438 0.945312) (0.642388 0.64502144 0.03080678 0.80996275)
   (0.3719212 0.09899739 0.77335256))
  ((-0.328125 0.523438 0.945312) (0.08604753 0.8168671 0.33798003 0.61827445)
   (-0.3719212 0.09899739 0.77335256))
  ((0.179688 0.554688 0.96875) (0.2982309 0.5165918 0.4634447 0.25969303)
   (0.14985567 0.14834735 0.92230004))
  ((-0.179688 0.554688 0.96875) (0.2954918 0.9866537 0.90184736 0.7570008)
   (-0.14985567 0.14834735 0.92230004))
  ((0.0 0.578125 0.984375) (0.094017744 0.43693984 0.5926416 0.5756099)
   (0.0 0.3084937 0.9042858))
  ((0.4375 0.53125 0.140625) (0.4893856 0.24687111 0.37791002 0.62374794)
   (0.2669846 -0.04203559 0.79666024))
  ((-0.4375 0.53125 0.140625) (0.37355077 0.62501585 0.36702228 0.77142096)
   (-0.2669846 -0.04203559 0.79666024))
  ((0.632812 0.539062 0.039062) (0.7369691 0.6878594 0.25123703 0.63153803)
   (0.49596334 0.16932388 0.640609))
  ((-0.632812 0.539062 0.039062) (0.56045485 0.33857024 0.16225147 0.7588376)
   (-0.49596334 0.16932388 0.640609))
  ((0.828125 0.445312 -0.148438) (0.8587719 0.91699374 0.55142534 0.6072279)
   (0.68811786 -0.12670533 0.32689467))
  ((-0.828125 0.445312 -0.148438) (0.9735832 0.8211299 0.8717171 0.9772353)
   (-0.68811786 -0.12670533 0.32689467))
  ((0.859375 0.59375 -0.429688) (0.89356744 0.51157975 0.6126989 0.21612382)
   (0.54651624 0.30494663 -0.1406644))
  ((-0.859375 0.59375 -0.429688) (0.017017245 0.7871796 0.021543026 0.7403735)
   (-0.54651624 0.30494663 -0.1406644))
  ((0.710938 0.625 -0.484375) (0.63525534 0.7217214 0.5896628 0.8342358)
   (0.4210409 0.099243976 -0.7047235))
  ((-0.710938 0.625 -0.484375) (0.2886362 0.08761096 0.7572187 0.28028762)
   (-0.4210409 0.099243976 -0.7047235))
  ((0.492188 0.6875 -0.601563) (0.62316084 0.3997457 0.06565106 0.89785016)
   (0.54034245 0.19993173 -0.67196405))
  ((-0.492188 0.6875 -0.601563) (0.70145416 0.98021984 0.8780031 0.4801519)
   (-0.54034245 0.19993173 -0.67196405))
  ((0.320312 0.734375 -0.757813) (0.75188553 0.03304112 0.10031259 0.77723026)
   (0.1348084 0.038779613 -0.7252932))
  ((-0.320312 0.734375 -0.757813) (0.24495006 0.5593786 0.17408931 0.95327604)
   (-0.1348084 0.038779598 -0.7252932))
  ((0.15625 0.757812 -0.71875) (0.41548455 0.08027589 0.6024926 0.036901593)
   (-0.3826234 0.270867 -0.56642944))
  ((-0.15625 0.757812 -0.71875) (0.9418466 0.8003663 0.46097624 0.38899076)
   (0.3826234 0.270867 -0.56642944))
  ((0.0625 0.75 -0.492188) (0.68861747 0.77199614 0.3895285 0.8824469)
   (-0.73137134 0.11684465 -0.43250817))
  ((-0.0625 0.75 -0.492188) (0.4518435 0.295658 0.341416 0.47900486)
   (0.73137134 0.11684465 -0.43250817))
  ((0.164062 0.773438 -0.414063) (0.45532858 0.59930634 0.87139726 0.94603)
   (0.261818 0.8047098 0.174495))
  ((-0.164062 0.773438 -0.414063) (0.62220454 0.17964625 0.8467592 0.289101)
   (-0.261818 0.8047098 0.174495))
  ((0.125 0.765625 -0.304688) (0.86041474 0.26612723 0.3696326 0.16876435)
   (-0.0010743737 0.8979098 0.15074986))
  ((-0.125 0.765625 -0.304688) (0.8097619 0.4533087 0.95949674 0.7092762)
   (0.0010743737 0.8979098 0.15074986))
  ((0.203125 0.742188 -0.09375) (0.8777399 0.36081326 0.22223842 0.41464293)
   (-0.14253277 0.77843267 0.31998074))
  ((-0.203125 0.742188 -0.09375) (0.5161294 0.32465696 0.8174397 0.26747274)
   (0.14253277 0.7784328 0.31998074))
  ((0.375 0.703125 -0.015625) (0.18979204 0.8991121 0.5244235 0.08410823)
   (0.21128578 0.7811658 0.52009743))
  ((-0.375 0.703125 -0.015625) (0.20568609 0.5947281 0.42243147 0.3351115)
   (-0.21128578 0.7811658 0.52009743))
  ((0.492188 0.671875 -0.0625) (0.44349337 0.6624285 0.23483527 0.649927)
   (0.4284714 0.79586744 0.36693132))
  ((-0.492188 0.671875 -0.0625) (0.5933517 0.31155968 0.63755655 0.84037983)
   (-0.42847133 0.79586756 0.36693132))
  ((0.625 0.648438 -0.1875) (0.8483335 0.5638182 0.015716553 0.226385)
   (0.4662758 0.85888374 0.16315266))
  ((-0.625 0.648438 -0.1875) (0.17103148 0.98706937 0.52496445 0.36314595)
   (-0.4662758 0.85888374 0.16315266))
  ((0.640625 0.648438 -0.296875) (0.6020292 0.5258628 0.058440447 0.5318413)
   (0.3604218 0.88849795 0.101456605))
  ((-0.640625 0.648438 -0.296875) (0.8577082 0.48827648 0.46066165 0.20147693)
   (-0.3604218 0.88849795 0.1014566))
  ((0.601562 0.664062 -0.375) (0.9772179 0.68865573 0.15705001 0.5632546)
   (0.25732252 0.7567417 0.19580948))
  ((-0.601562 0.664062 -0.375) (0.47456706 0.93728065 0.91769755 0.42754543)
   (-0.25732252 0.7567417 0.19580948))
  ((0.429688 0.71875 -0.4375) (0.926177 0.21185637 0.09361136 0.4531026)
   (0.177604 0.7238189 -0.037454005))
  ((-0.429688 0.71875 -0.4375) (0.042271614 0.37981093 0.46318877 0.8031429)
   (-0.177604 0.7238189 -0.037453998))
  ((0.25 0.757812 -0.46875) (0.9777955 0.82658124 0.24812007 0.3403045)
   (0.22462472 0.84643805 0.14361572))
  ((-0.25 0.757812 -0.46875) (0.358271 0.5981035 0.7910304 0.27293706)
   (-0.22462472 0.8464379 0.14361572))
  ((0.0 0.734375 0.765625) (0.7348733 0.30314827 0.97596395 0.53848624)
   (-4.967054e-9 0.774796 0.42718935))
  ((0.109375 0.734375 0.71875) (0.07547772 0.7679372 0.7703359 0.9184432)
   (0.13807699 0.9524032 0.14436729))
  ((-0.109375 0.734375 0.71875) (0.8265736 0.036132455 0.59236765 0.16569269)
   (-0.13807699 0.9524032 0.14436729))
  ((0.117188 0.710938 0.835937) (0.19742453 0.5337081 0.5237423 0.6555954)
   (0.081853434 0.9006826 0.32615227))
  ((-0.117188 0.710938 0.835937) (0.67071366 0.25813222 0.35945582 0.58392155)
   (-0.081853434 0.9006826 0.32615215))
  ((0.0625 0.695313 0.882812) (0.27310622 0.69421923 0.44245493 0.46152878)
   (-0.06627267 0.84403604 0.29654685))
  ((-0.0625 0.695313 0.882812)
   (0.21352363 0.0039486885 0.30751467 0.0031957626)
   (0.06627267 0.84403604 0.29654685))
  ((0.0 0.6875 0.890625) (0.98834777 0.025077581 0.55810344 0.57317305)
   (0.0 0.89874333 0.11279434))
  ((0.0 0.75 0.195312) (0.4300741 0.19739807 0.8074411 0.7695104)
   (0.0 0.0 0.0))
  ((0.0 0.742188 0.140625) (0.781845 0.7106973 0.668326 0.43994176)
   (6.705523e-9 0.2938014 -0.1401488))
  ((0.101562 0.742188 0.148437) (0.39749157 0.13089001 0.39561963 0.027718306)
   (0.19811916 0.110668 -0.15831982))
  ((-0.101562 0.742188 0.148437) (0.061081886 0.84795666 0.48814845 0.37960243)
   (-0.19811916 0.110668 -0.15831982))
  ((0.125 0.75 0.226562) (4.4822693e-5 0.5078862 0.95984423 0.8030391)
   (0.79914296 0.13446817 0.13802716))
  ((-0.125 0.75 0.226562) (0.8094444 0.5289531 0.21973324 0.86850107)
   (-0.79914296 0.13446817 0.13802716))
  ((0.085938 0.742188 0.289062) (0.23533273 0.9450505 0.7188846 0.22183228)
   (0.40877858 0.58369374 0.36686245))
  ((-0.085938 0.742188 0.289062) (0.61097884 0.97680366 0.15344298 0.029039025)
   (-0.40877858 0.58369374 0.36686245))
  ((0.398438 0.671875 0.046875) (0.36584485 0.4900384 0.479864 0.6660104)
   (0.31125563 0.7310645 0.47467))
  ((-0.398438 0.671875 0.046875) (0.77302384 0.004724741 0.05734825 0.19211578)
   (-0.31125563 0.7310645 0.47467))
  ((0.617188 0.625 -0.054688) (0.9798027 0.620312 0.33585417 0.925995)
   (0.44097763 0.7998441 0.32701883))
  ((-0.617188 0.625 -0.054688) (0.9573612 0.4648006 0.42538893 0.4938084)
   (-0.44097763 0.7998441 0.3270188))
  ((0.726562 0.601562 -0.203125) (9.431839e-4 0.6450659 0.9421767 0.63646424)
   (0.52401507 0.7526418 0.29756618))
  ((-0.726562 0.601562 -0.203125) (0.11923766 0.90494406 0.3639437 0.069442034)
   (-0.524015 0.7526418 0.29756615))
  ((0.742188 0.65625 -0.375) (0.08486223 0.74361026 0.14289081 0.86920524)
   (0.32338318 0.7539701 0.15689151))
  ((-0.742188 0.65625 -0.375) (0.043299675 0.33422816 0.19345999 0.5793787)
   (-0.32338318 0.75397 0.15689151))
  ((0.6875 0.726562 -0.414063) (0.6362971 0.13104892 0.63509417 0.46377718)
   (0.28280616 0.5849855 0.09515667))
  ((-0.6875 0.726562 -0.414063) (0.44487917 0.40944743 0.29973078 0.3902148)
   (-0.28280616 0.5849855 0.09515667))
  ((0.4375 0.796875 -0.546875) (0.3192104 0.84443676 0.03718984 0.87211)
   (0.17653058 0.7277408 0.09094661))
  ((-0.4375 0.796875 -0.546875) (0.9459491 0.28443432 0.29798293 0.28636193)
   (-0.17653058 0.7277408 0.09094661))
  ((0.3125 0.835938 -0.640625) (0.60066104 0.94546425 0.9075954 0.8738657)
   (0.20868759 0.7511353 -0.13351297))
  ((-0.3125 0.835938 -0.640625) (0.8647829 0.48863924 0.6506275 0.011838794)
   (-0.20868759 0.7511352 -0.133513))
  ((0.203125 0.851562 -0.617188) (0.16693962 0.8138881 0.26634192 0.15300786)
   (-0.1454144 0.7170524 -0.10489042))
  ((-0.203125 0.851562 -0.617188) (0.3467772 0.4278078 0.7818755 0.23440981)
   (0.1454144 0.71705216 -0.1048904))
  ((0.101562 0.84375 -0.429688) (0.6627594 0.37816834 0.6067287 0.79396355)
   (-9.4114884e-4 0.66100234 0.036838572))
  ((-0.101562 0.84375 -0.429688) (0.120942354 0.555328 0.79851544 0.71619856)
   (9.411425e-4 0.66100234 0.036838572))
  ((0.125 0.8125 0.101562) (0.053751588 0.8178731 0.83359885 0.2345581)
   (0.06507214 0.6405088 0.22208631))
  ((-0.125 0.8125 0.101562) (0.31371975 0.36163735 0.25594664 0.030047417)
   (-0.06507214 0.6405088 0.22208631))
  ((0.210938 0.710938 0.445312) (0.58396804 0.6492634 0.86330223 0.7186488)
   (0.5517318 0.73958224 -0.113295496))
  ((-0.210938 0.710938 0.445312) (0.03097415 0.632234 0.96812737 0.5867764)
   (-0.5517318 0.7395822 -0.113295496))
  ((0.25 0.6875 0.703125) (0.33433676 0.34423554 0.21243262 0.98557913)
   (0.5482838 0.7859523 0.017946832))
  ((-0.25 0.6875 0.703125) (0.7448194 0.39064944 0.39623678 0.7286149)
   (-0.5482838 0.7859523 0.017946832))
  ((0.265625 0.664063 0.820312) (0.97937524 0.40839422 0.6789868 0.23254454)
   (0.513808 0.78251886 0.20350018))
  ((-0.265625 0.664063 0.820312) (0.9032608 0.756101 0.840664 0.7849381)
   (-0.513808 0.78251886 0.20350018))
  ((0.234375 0.632813 0.914062) (0.10535395 0.8931545 0.4757161 0.33339643)
   (0.340492 0.6487677 0.60761356))
  ((-0.234375 0.632813 0.914062) (0.53823876 0.9437548 0.8456712 0.12792969)
   (-0.340492 0.6487677 0.6076133))
  ((0.164062 0.632813 0.929688) (0.09574175 0.19673777 0.88547397 0.26244366)
   (0.15117866 0.62535256 0.73880434))
  ((-0.164062 0.632813 0.929688) (0.8354882 0.1335547 0.96610487 0.108760476)
   (-0.15117866 0.62535256 0.7388042))
  ((0.0 0.640625 0.945312) (0.6029098 0.6209799 0.40219748 0.24129784)
   (-3.1044087e-10 0.66094303 0.73478305))
  ((0.0 0.726562 -0.046875) (0.3326776 0.47558153 0.07825291 0.4854473)
   (0.0 0.9300927 -0.01010775))
  ((0.0 0.765625 -0.210938) (0.39621103 0.6457182 0.33305573 0.3709519)
   (0.0 0.9655212 0.18598577))
  ((0.328125 0.742188 -0.476563) (0.35626483 0.6253538 0.25602877 0.76345074)
   (0.12416184 0.87353945 0.080797814))
  ((-0.328125 0.742188 -0.476563) (0.9981607 0.34842587 0.34224212 0.47859502)
   (-0.12416184 0.87353945 0.080797814))
  ((0.164062 0.75 -0.140625) (0.06520164 0.12508643 0.12239957 0.26312304)
   (-0.192361 0.8950538 0.2645458))
  ((-0.164062 0.75 -0.140625) (0.7637329 0.17990577 0.33835053 0.016628861)
   (0.192361 0.8950538 0.2645458))
  ((0.132812 0.757812 -0.210938) (0.38086653 0.91302073 0.737833 0.26860654)
   (-0.2788736 0.89498466 0.1657552))
  ((-0.132812 0.757812 -0.210938) (0.9214518 0.059525967 0.9632758 0.99573874)
   (0.2788736 0.89498466 0.1657552))
  ((0.117188 0.734375 0.6875) (0.31280982 0.6715957 0.7110455 0.5056466)
   (0.18597801 0.9687322 0.039648402))
  ((-0.117188 0.734375 0.6875) (0.28952897 0.46735084 0.7525444 0.346326)
   (-0.18597801 0.9687322 0.039648402))
  ((0.078125 0.75 0.445312) (0.38184738 0.191962 0.8565059 0.45378625)
   (0.12274114 0.9791747 -0.009572572))
  ((-0.078125 0.75 0.445312) (0.9640441 0.75514615 0.24122322 0.4143194)
   (-0.12274114 0.9791747 -0.009572572))
  ((0.0 0.75 0.445312) (0.17901492 0.46953118 0.4523753 0.9559914)
   (0.0 0.997785 0.0))
  ((0.0 0.742188 0.328125) (0.76923823 0.036423445 0.16597271 0.49466228)
   (0.0 0.7251128 0.25934702))
  ((0.09375 0.78125 0.273437) (0.50361216 0.30944705 0.58088124 0.15613377)
   (0.4959162 0.41238552 0.61604923))
  ((-0.09375 0.78125 0.273437) (0.23418176 0.94553816 0.5305618 0.9929501)
   (-0.4959162 0.41238552 0.61604923))
  ((0.132812 0.796875 0.226562) (0.64875245 0.06419504 0.9653268 0.798872)
   (0.6694107 0.3251732 0.20148818))
  ((-0.132812 0.796875 0.226562) (0.4604975 0.54580176 0.6877539 0.40751934)
   (-0.6694107 0.3251732 0.20148818))
  ((0.109375 0.78125 0.132812) (0.16813862 0.8142172 0.21553802 0.7496251)
   (0.56608546 0.0768978 -0.488518))
  ((-0.109375 0.78125 0.132812) (0.8126162 0.6961777 0.7593074 0.6533984)
   (-0.56608546 0.0768978 -0.488518))
  ((0.039062 0.78125 0.125) (0.63552105 0.65347326 0.5214559 0.31842113)
   (-0.15517282 0.23529367 -0.7476455))
  ((-0.039062 0.78125 0.125) (0.18871248 0.17352986 0.04502511 0.09796631)
   (0.15517282 0.23529367 -0.7476455))
  ((0.0 0.828125 0.203125) (0.8505186 0.5399313 0.62543774 0.9835043)
   (0.0 0.76083 -0.007861491))
  ((0.046875 0.8125 0.148437) (0.32296944 0.97636795 0.35753226 0.8582531)
   (-0.215376 0.68205756 -0.49392158))
  ((-0.046875 0.8125 0.148437) (0.8457713 0.7894554 0.18845856 0.5529076)
   (0.215376 0.68205756 -0.49392158))
  ((0.09375 0.8125 0.15625) (0.19704723 0.94950867 0.9418484 0.49701023)
   (0.3551108 0.66724 -0.4786314))
  ((-0.09375 0.8125 0.15625) (0.3918985 0.269004 0.39977562 0.14436042)
   (-0.3551108 0.66724 -0.4786314))
  ((0.109375 0.828125 0.226562) (0.27706146 0.2667265 0.067207575 0.05784118)
   (0.22654282 0.7217568 0.142015))
  ((-0.109375 0.828125 0.226562) (0.1376121 0.5923352 0.6391994 0.6506556)
   (-0.22654282 0.7217568 0.142015))
  ((0.078125 0.804688 0.25) (0.061728477 0.2622398 0.3088913 0.9890108)
   (0.20811 0.7165398 0.5685258))
  ((-0.078125 0.804688 0.25) (0.81523836 0.03209555 0.63996243 0.44890773)
   (-0.20811 0.7165398 0.5685258))
  ((0.0 0.804688 0.289062) (0.43671787 0.49114943 0.93729866 0.6646782)
   (0.0 0.82968134 0.47008735))
  ((0.257812 0.554688 0.3125) (0.06266773 0.49721813 0.6502913 0.36593294)
   (0.8683919 0.12576085 -0.31740168))
  ((-0.257812 0.554688 0.3125) (0.21125829 0.36254263 0.22191727 0.15768468)
   (-0.8683919 0.12576085 -0.31740153))
  ((0.164062 0.710938 0.242187) (0.55760443 0.91787255 0.8469058 0.39629364)
   (0.53421575 0.55575305 0.0010417157))
  ((-0.164062 0.710938 0.242187) (0.18164647 0.1357696 0.5329429 0.13828003)
   (-0.53421575 0.555753 0.0010417157))
  ((0.179688 0.710938 0.3125) (0.30731332 0.054085612 0.5620105 0.52409756)
   (0.5928475 0.6831639 -0.14908084))
  ((-0.179688 0.710938 0.3125) (0.8801702 0.96675026 0.054285407 0.26161087)
   (-0.59284747 0.6831639 -0.14908084))
  ((0.234375 0.554688 0.25) (0.9148487 0.18888152 0.75074315 0.2407633)
   (0.9004976 0.1017353 -0.3125273))
  ((-0.234375 0.554688 0.25) (0.036104202 0.9396744 0.8872452 0.5125632)
   (-0.9004976 0.1017353 -0.3125273))
  ((0.0 0.6875 0.875) (0.27541816 0.53635275 0.91538787 0.44981194)
   (0.0 0.63562953 -0.474705))
  ((0.046875 0.6875 0.867187) (0.48141396 0.83152497 0.3522445 0.9494368)
   (-0.32714915 0.52282935 -0.51865745))
  ((-0.046875 0.6875 0.867187) (0.57812905 0.11088276 0.34361625 0.22748828)
   (0.32714915 0.52282935 -0.51865745))
  ((0.09375 0.710938 0.820312) (0.39028096 0.98123837 0.1359855 0.8089497)
   (-0.5704398 0.48641056 -0.051395338))
  ((-0.09375 0.710938 0.820312) (0.50958025 0.87042844 0.44807994 0.8365532)
   (0.5704398 0.48641056 -0.051395338))
  ((0.09375 0.726563 0.742187) (0.33566535 0.6076505 0.68878424 0.58020353)
   (-0.09480934 0.5629889 0.43754685))
  ((-0.09375 0.726563 0.742187) (0.6889248 0.4524548 0.5610392 0.8979037)
   (0.09480934 0.5629889 0.43754685))
  ((0.0 0.65625 0.78125) (0.35066402 0.020217776 0.013430595 0.46126378)
   (0.0 0.67585063 0.5117017))
  ((0.09375 0.664063 0.75) (0.20434093 0.4237615 0.7735423 0.9689052)
   (-0.20546219 0.352777 0.42348897))
  ((-0.09375 0.664063 0.75) (0.8319824 0.31042647 0.0023020506 0.54533386)
   (0.20546219 0.352777 0.42348897))
  ((0.09375 0.640625 0.8125) (0.92489827 0.9380311 0.848698 0.006002307)
   (-0.5587233 0.30338424 -0.26788476))
  ((-0.09375 0.640625 0.8125) (0.9218327 0.8928478 0.54031944 0.9418882)
   (0.5587233 0.30338424 -0.26788476))
  ((0.046875 0.632813 0.851562) (0.6449436 0.60932696 0.5694785 0.43021798)
   (-0.11995961 0.66360706 -0.14901021))
  ((-0.046875 0.632813 0.851562) (0.9427142 0.49517012 0.071525455 0.61290205)
   (0.11995961 0.66360706 -0.14901021))
  ((0.0 0.632813 0.859375) (0.35174882 0.9727421 0.44351602 0.81500375)
   (0.0 0.49974936 -0.537267))
  ((0.171875 0.78125 -0.21875) (0.9469719 0.43125856 0.30544233 0.08050406)
   (0.19025484 0.7471782 0.026304495))
  ((-0.171875 0.78125 -0.21875) (0.6822492 0.44604838 0.21477842 0.5673878)
   (-0.19025484 0.7471782 0.026304495))
  ((0.1875 0.773438 -0.15625) (0.38349044 0.085724115 0.4768536 0.5118493)
   (-0.047744703 0.7061525 0.045589287))
  ((-0.1875 0.773438 -0.15625) (0.48569918 0.6639545 0.83484864 0.6035259)
   (0.047744703 0.7061525 0.045589287))
  ((0.335938 0.757812 -0.429688) (0.53812313 0.7141448 0.531 0.029783368)
   (0.118286 0.7970007 0.028794732))
  ((-0.335938 0.757812 -0.429688) (0.37732387 0.7698853 0.57499623 0.1861738)
   (-0.11828601 0.7970007 0.028794732))
  ((0.273438 0.773438 -0.421875) (0.1822269 0.17243445 0.15241873 0.84975183)
   (0.17324051 0.9077103 -0.001072829))
  ((-0.273438 0.773438 -0.421875) (0.3667264 0.82743907 0.09318614 0.9615135)
   (-0.17324051 0.9077103 -0.001072829))
  ((0.421875 0.773438 -0.398438) (0.8514576 0.8000442 0.28888547 0.8994291)
   (0.0410278 0.504657 0.21552098))
  ((-0.421875 0.773438 -0.398438) (0.29523516 0.8690438 0.35803342 0.016648531)
   (-0.041027803 0.504657 0.21552098))
  ((0.5625 0.695312 -0.351563) (0.2715733 0.555588 0.8903482 0.051917672)
   (0.250739 0.7394716 -0.031832606))
  ((-0.5625 0.695312 -0.351563) (0.4178698 0.17575407 0.41856337 0.2995615)
   (-0.250739 0.7394716 -0.031832606))
  ((0.585938 0.6875 -0.289063) (0.4724611 0.6564728 0.23879242 0.22215867)
   (0.10445976 0.8636275 0.061869375))
  ((-0.585938 0.6875 -0.289063) (0.21460783 0.24854529 0.90027535 0.9478301)
   (-0.10445973 0.8636275 0.06186937))
  ((0.578125 0.679688 -0.195313) (0.9174509 0.06645894 0.3238895 0.32460046)
   (0.275048 0.82284844 0.115918614))
  ((-0.578125 0.679688 -0.195313) (0.540571 0.41651523 0.700436 0.13747716)
   (-0.275048 0.82284844 0.115918614))
  ((0.476562 0.71875 -0.101563) (0.3240192 0.41191113 0.8323171 0.8668593)
   (0.15634558 0.74947286 -0.07116401))
  ((-0.476562 0.71875 -0.101563) (0.6838583 0.02238512 0.6658336 0.13852501)
   (-0.15634558 0.74947286 -0.07116401))
  ((0.375 0.742188 -0.0625) (0.5128819 0.6861236 0.22692144 0.6244601)
   (0.13478318 0.7013223 0.06571066))
  ((-0.375 0.742188 -0.0625) (0.16449821 0.9854852 0.081478596 0.5381286)
   (-0.13478318 0.7013225 0.06571066))
  ((0.226562 0.78125 -0.109375) (0.739882 0.7141324 0.52955794 0.7112218)
   (0.012055501 0.59828925 0.043777987))
  ((-0.226562 0.78125 -0.109375) (0.6361481 0.49353647 0.23842907 0.6897125)
   (-0.012055501 0.5982895 0.043777987))
  ((0.179688 0.78125 -0.296875) (0.87965894 0.43427718 0.29110372 0.92990434)
   (0.3792758 0.71747106 0.06541981))
  ((-0.179688 0.78125 -0.296875) (0.95892644 0.4243852 0.27863383 0.9653357)
   (-0.3792758 0.71747106 0.06541981))
  ((0.210938 0.78125 -0.375) (0.08943212 0.5197979 0.2946229 0.38652074)
   (0.18448243 0.84726876 0.074831866))
  ((-0.210938 0.78125 -0.375) (0.08777177 0.705179 0.44209313 0.39260066)
   (-0.18448243 0.84726876 0.074831866))
  ((0.234375 0.757812 -0.359375) (0.04499054 0.6641358 0.98740923 0.9051895)
   (0.35765737 0.827595 0.366387))
  ((-0.234375 0.757812 -0.359375) (0.43735325 0.5347401 0.21159649 0.7239375)
   (-0.35765737 0.827595 0.366387))
  ((0.195312 0.757812 -0.296875) (0.21939492 0.91132736 0.12718272 0.6653676)
   (0.7208227 0.6161787 0.23879367))
  ((-0.195312 0.757812 -0.296875) (0.8091599 0.6765199 0.8967458 0.108617544)
   (-0.7208227 0.6161787 0.23879367))
  ((0.242188 0.757812 -0.125) (0.73163235 0.24173105 0.52700925 0.42436743)
   (0.4282955 0.7073547 -0.55403924))
  ((-0.242188 0.757812 -0.125) (0.25579274 0.9824785 0.5439607 0.8193096)
   (-0.4282955 0.7073547 -0.55403924))
  ((0.375 0.726562 -0.085938) (0.86570704 0.51902294 0.94548166 0.7141284)
   (0.089271 0.781728 -0.58605736))
  ((-0.375 0.726562 -0.085938) (0.3840567 0.54357207 0.27774835 0.96308076)
   (-0.089271 0.781728 -0.58605736))
  ((0.460938 0.703125 -0.117188) (0.3925326 0.6923233 0.18763995 0.6692432)
   (-0.164196 0.76718247 -0.602986))
  ((-0.460938 0.703125 -0.117188)
   (0.050808787 0.73438895 0.060688376 0.10125184)
   (0.164196 0.76718247 -0.602986))
  ((0.546875 0.671875 -0.210938) (0.72227955 0.9511231 0.96970665 0.6851785)
   (-0.25758225 0.8916757 -0.23117274))
  ((-0.546875 0.671875 -0.210938) (0.7869127 0.7389207 0.34286225 0.1509968)
   (0.25758225 0.8916757 -0.23117274))
  ((0.554688 0.671875 -0.28125) (0.4825158 0.0647521 0.040104866 0.22786355)
   (-0.41371602 0.886027 0.117191))
  ((-0.554688 0.671875 -0.28125) (0.6954253 0.47136056 0.29999447 0.2310555)
   (0.41371602 0.886027 0.117191))
  ((0.53125 0.679688 -0.335938) (0.17218411 0.32526004 0.52429056 0.90252876)
   (-0.20638299 0.695496 0.5535415))
  ((-0.53125 0.679688 -0.335938) (0.08890808 0.531775 0.5098665 0.83877134)
   (0.20638299 0.695496 0.5535415))
  ((0.414062 0.75 -0.390625) (0.48557067 0.23679304 0.8848046 0.6261313)
   (-0.21376267 0.5732794 0.6855227))
  ((-0.414062 0.75 -0.390625) (0.3755921 0.74423075 0.7184564 0.4672873)
   (0.21376267 0.5732794 0.6855227))
  ((0.28125 0.765625 -0.398438) (0.4726801 0.6161169 0.7894149 0.113063455)
   (0.21570633 0.9320493 0.272282))
  ((-0.28125 0.765625 -0.398438) (0.36683166 0.8871846 0.40809476 0.007406831)
   (-0.21570633 0.9320493 0.272282))
  ((0.335938 0.75 -0.40625) (0.8846108 0.33283365 0.039155245 0.30593145)
   (0.119196 0.925663 0.308554))
  ((-0.335938 0.75 -0.40625) (0.66171575 0.9464575 0.848619 0.26753378)
   (-0.119196 0.925663 0.308554))
  ((0.203125 0.75 -0.171875) (0.5405408 0.35729945 0.39410758 0.14828551)
   (0.68899477 0.63500535 -0.254211))
  ((-0.203125 0.75 -0.171875) (0.6434423 0.98994946 0.8598428 0.57195973)
   (-0.68899477 0.63500535 -0.254211))
  ((0.195312 0.75 -0.226563) (0.7755419 0.92935944 0.7823659 0.7660632)
   (0.8062827 0.58422107 0.010195))
  ((-0.195312 0.75 -0.226563) (0.53822875 0.2947377 0.7935829 0.80648184)
   (-0.8062827 0.58422107 0.010195))
  ((0.109375 0.609375 -0.460938) (0.6170281 0.011947155 0.5101541 0.38712358)
   (-0.31773728 -0.043665428 -0.5360377))
  ((-0.109375 0.609375 -0.460938) (0.754791 0.17017925 0.43203783 0.21072257)
   (0.31773728 -0.043665428 -0.5360377))
  ((0.195312 0.617188 -0.664062) (0.58081436 0.9806397 0.89860773 0.45998394)
   (-0.42278218 -0.5954962 -0.44530553))
  ((-0.195312 0.617188 -0.664062) (0.65513086 0.6658156 0.3425287 0.3787657)
   (0.42278218 -0.5954962 -0.44530553))
  ((0.335938 0.59375 -0.6875) (0.8772899 0.9228414 0.6670011 0.45319808)
   (0.19667698 -0.5102708 -0.61125827))
  ((-0.335938 0.59375 -0.6875) (0.5377084 0.8484827 0.334507 0.7524923)
   (-0.19667698 -0.5102708 -0.61125827))
  ((0.484375 0.554688 -0.554688) (0.7239609 0.86348903 0.9797442 0.9417747)
   (0.15467998 -0.47962505 -0.64709175))
  ((-0.484375 0.554688 -0.554688)
   (0.02884686 0.124204874 0.76856196 0.67523074)
   (-0.15468 -0.47962505 -0.64709175))
  ((0.679688 0.492187 -0.453125) (0.1760521 0.29661775 0.30950463 0.27855635)
   (0.3607095 -0.20510152 -0.9025618))
  ((-0.679688 0.492187 -0.453125) (0.39972556 0.99118733 0.81390965 0.2787881)
   (-0.36070952 -0.20510152 -0.90256166))
  ((0.796875 0.460937 -0.40625) (0.49741137 0.87903655 0.65116763 0.056776643)
   (0.5735015 -0.37936446 -0.5190974))
  ((-0.796875 0.460937 -0.40625) (0.579926 0.16630173 0.6370485 0.060734272)
   (-0.5735015 -0.3793645 -0.5190973))
  ((0.773438 0.375 -0.164063) (0.06812823 0.564003 0.17990124 0.47329044)
   (0.78545547 -0.14209366 0.2046065))
  ((-0.773438 0.375 -0.164063) (0.22341144 0.38032186 0.27258503 0.52365446)
   (-0.7854556 -0.14209367 0.2046065))
  ((0.601562 0.414062 -0.0) (0.35730457 0.9044895 0.99035394 0.9200537)
   (0.50633824 -0.08309367 0.770091))
  ((-0.601562 0.414062 -0.0) (0.37942076 0.34727418 0.9900116 0.35390604)
   (-0.50633824 -0.08309367 0.770091))
  ((0.4375 0.46875 0.09375) (0.29521644 0.3756616 0.10994828 0.19297361)
   (0.3839113 0.060815576 0.70693916))
  ((-0.4375 0.46875 0.09375) (0.7014253 0.6477492 0.12111902 0.34065294)
   (-0.3839113 0.060815576 0.70693916))
  ((0.0 0.289062 -0.898438) (0.85921764 0.04946804 0.3933344 0.6612859)
   (-2.483527e-9 0.60033774 -0.6991781))
  ((0.0 -0.078125 -0.984375) (0.16558182 0.4896567 0.6307944 0.2840699)
   (9.313226e-10 0.024854751 -0.9691895))
  ((0.0 -0.671875 0.195313) (0.7580278 0.31088388 0.97782314 0.6060214)
   (-4.967054e-9 -0.69325936 0.590243))
  ((0.0 0.1875 0.460938) (0.0010447502 0.06714463 0.73087716 0.8185787)
   (-4.967054e-9 -0.16736734 0.93491864))
  ((0.0 0.460938 0.976562) (0.22513282 0.5662472 0.97990036 0.8867438)
   (0.0 -0.368636 0.84097403))
  ((0.0 0.34375 0.804688) (0.05536008 0.034976363 0.9590467 0.5715687)
   (0.0 -0.90574735 0.32401633))
  ((0.0 0.320313 0.570312) (0.6026951 0.9027933 0.45568585 0.34263003)
   (0.0 -0.9260487 0.16530867))
  ((0.0 0.28125 0.484375) (0.9961885 0.18829966 0.8017049 0.5478234)
   (0.0 -0.6022484 0.65548503))
  ((0.851562 0.054687 -0.234375) (0.14932239 0.40272784 0.69035625 0.5062326)
   (0.92711323 0.09200149 0.115492))
  ((-0.851562 0.054687 -0.234375) (0.4772805 0.60175884 0.17197406 0.17216837)
   (-0.92711323 0.09200149 0.115492))
  ((0.859375 -0.046875 -0.320312) (0.493469 0.993989 0.33283234 0.1819464)
   (0.9490115 -0.09445017 0.06832083))
  ((-0.859375 -0.046875 -0.320312) (0.1669656 0.13758302 0.2519195 0.37019598)
   (-0.9490115 -0.09445017 0.06832083))
  ((0.773438 -0.4375 -0.265625) (0.32188904 0.80331326 0.45950365 0.048924208)
   (0.42953134 -0.53496236 0.001843003))
  ((-0.773438 -0.4375 -0.265625) (0.78150415 0.5287529 0.9646064 0.56503046)
   (-0.42953134 -0.53496236 0.001843003))
  ((0.460938 -0.703125 -0.4375) (0.53805816 0.19940412 0.16289294 0.11243081)
   (0.41218412 -0.7964895 -0.211518))
  ((-0.460938 -0.703125 -0.4375) (0.85662603 0.1930654 0.16018069 0.85357404)
   (-0.41218412 -0.7964895 -0.211518))
  ((0.734375 0.070312 0.046875) (0.033965826 0.7967826 0.24171913 0.07980585)
   (0.6715987 0.07106017 0.6349077))
  ((-0.734375 0.070312 0.046875) (0.7254214 0.17023349 0.968593 0.82642984)
   (-0.6715987 0.07106017 0.6349077))
  ((0.59375 -0.164062 0.125) (0.68971133 0.25906682 0.41881013 0.21787786)
   (0.2454476 0.023247257 0.70036304))
  ((-0.59375 -0.164062 0.125) (0.10458267 0.11081278 0.2597667 0.6965915)
   (-0.2454476 0.023247257 0.7003629))
  ((0.640625 -0.429688 0.007813) (0.06398201 0.90412784 0.22942674 0.97002864)
   (0.30531633 -0.6072817 0.5621122))
  ((-0.640625 -0.429688 0.007813) (0.7248229 0.13489366 0.099065065 0.4420117)
   (-0.30531633 -0.6072817 0.5621122))
  ((0.335938 -0.664062 -0.054687) (0.9791399 0.28872943 0.38502073 0.9516636)
   (0.4445103 -0.8077942 0.36477166))
  ((-0.335938 -0.664062 -0.054687) (0.24616742 0.8986846 0.41098833 0.47294497)
   (-0.44451034 -0.8077942 0.36477166))
  ((0.234375 0.40625 0.351562) (0.2930298 0.8417071 0.37814426 0.3714676)
   (0.89883786 -0.3331466 -0.25027862))
  ((-0.234375 0.40625 0.351562) (0.08530474 0.3724321 0.27039576 0.46253252)
   (-0.89883786 -0.3331466 -0.25027862))
  ((0.179688 0.257813 0.414062) (0.5637337 0.9895494 0.07719326 0.87118614)
   (0.5382599 -0.34264085 0.4580317))
  ((-0.179688 0.257813 0.414062) (0.39032602 0.4875852 0.998232 0.67610097)
   (-0.5382599 -0.3426409 0.45803156))
  ((0.289062 0.382813 0.710938) (0.071602106 0.7258315 0.8903663 0.9797665)
   (0.54278517 -0.65156 -0.0794975))
  ((-0.289062 0.382813 0.710938) (0.24786448 0.45015645 0.98071456 0.6750132)
   (-0.54278517 -0.65156 -0.0794975))
  ((0.25 0.390625 0.5) (0.7059963 0.7960708 0.7478547 0.70339143)
   (0.711077 -0.5100435 9.380033e-4))
  ((-0.25 0.390625 0.5) (0.5405886 0.3432058 0.4169227 0.8947885)
   (-0.7110771 -0.5100435 9.380033e-4))
  ((0.328125 0.398438 0.914062) (0.1299591 0.7017932 0.28062356 0.76975715)
   (0.37040442 -0.5191882 0.3567394))
  ((-0.328125 0.398438 0.914062) (0.8340578 0.79946005 0.41195095 0.43673277)
   (-0.37040445 -0.5191882 0.35673937))
  ((0.140625 0.367188 0.757812) (0.89586616 0.67183495 0.16414237 0.9017484)
   (0.1395185 -0.95807993 0.1441935))
  ((-0.140625 0.367188 0.757812) (0.21141875 0.12796283 0.28408217 0.32905126)
   (-0.1395185 -0.95807993 0.1441935))
  ((0.125 0.359375 0.539062) (0.3329208 0.352623 0.24191725 0.74191606)
   (0.25511467 -0.8553183 0.2819115))
  ((-0.125 0.359375 0.539062) (0.14741945 0.33679974 0.10415578 0.22640538)
   (-0.25511467 -0.8553183 0.2819115))
  ((0.164062 0.4375 0.945312) (0.8624027 0.3051468 0.4573233 0.7910335)
   (0.08076799 -0.55396485 0.6895043))
  ((-0.164062 0.4375 0.945312) (0.4756832 0.79295015 0.126809 0.055928946)
   (-0.08076799 -0.55396485 0.6895043))
  ((0.21875 0.429688 0.28125) (0.7208811 0.90006447 0.8688102 0.19708753)
   (0.77045757 0.034518983 0.14657575))
  ((-0.21875 0.429688 0.28125) (0.9687966 0.83203554 0.7178776 0.932634)
   (-0.7704575 0.034518998 0.14657561))
  ((0.210938 0.46875 0.226562) (0.5711179 0.49825752 0.026754737 0.45865846)
   (0.6166478 0.31767324 0.115206756))
  ((-0.210938 0.46875 0.226562) (0.35520482 0.4726138 0.797179 0.31309652)
   (-0.6166478 0.31767324 0.115206756))
  ((0.203125 0.5 0.171875) (0.26786244 0.4316064 0.061779022 0.10298526)
   (0.49030057 -0.0119452 0.3029542))
  ((-0.203125 0.5 0.171875) (0.8782834 0.11739707 0.602612 0.8428136)
   (-0.49030057 -0.0119452 0.3029542))
  ((0.210938 0.164063 0.390625) (0.59106755 0.62082076 0.66587245 0.63363814)
   (0.53407615 0.007348165 0.7701692))
  ((-0.210938 0.164063 0.390625) (0.9341363 0.76818323 0.29639673 0.8182162)
   (-0.53407615 0.007348165 0.7701692))
  ((0.296875 -0.265625 0.3125) (0.050456285 0.40313387 0.6844132 0.050999284)
   (0.5339262 -0.14467481 0.7764576))
  ((-0.296875 -0.265625 0.3125) (0.118065 0.1328808 0.70819986 0.35279357)
   (-0.5339262 -0.14467481 0.7764576))
  ((0.34375 -0.539062 0.148438) (0.69575834 0.16215086 0.89205325 0.658823)
   (0.48810267 -0.5047607 0.64181864))
  ((-0.34375 -0.539062 0.148438) (0.108478904 0.73915946 0.35421503 0.59371483)
   (-0.48810267 -0.5047607 0.6418187))
  ((0.453125 -0.382813 -0.867188) (0.32561612 0.35297036 0.6616579 0.18542087)
   (0.36184034 -0.37429082 -0.7629372))
  ((-0.453125 -0.382813 -0.867188) (0.7969723 0.11922896 0.23631036 0.5738132)
   (-0.36184034 -0.37429082 -0.7629372))
  ((0.453125 -0.070313 -0.929688) (0.97683585 0.4319718 0.07996416 0.9870837)
   (0.45989105 0.040204998 -0.81089324))
  ((-0.453125 -0.070313 -0.929688) (0.4138348 0.810249 0.99898314 0.8091061)
   (-0.45989105 0.040204998 -0.81089324))
  ((0.453125 0.234375 -0.851562) (0.5756986 0.13475251 0.82904506 0.75004923)
   (0.4284 0.43127137 -0.65167606))
  ((-0.453125 0.234375 -0.851562) (0.9296799 0.697157 0.52791405 0.72941613)
   (-0.4284 0.43127137 -0.65167606))
  ((0.460938 0.429687 -0.523438) (0.636408 0.2852223 0.20044303 0.84339905)
   (0.26402572 0.34452802 -0.6936777))
  ((-0.460938 0.429687 -0.523438) (0.35623384 0.73792505 0.71926975 0.9940827)
   (-0.2640257 0.34452802 -0.6936777))
  ((0.726562 0.335937 -0.40625) (0.11340928 0.06738496 0.043771267 0.7891326)
   (0.5988387 0.07787284 -0.4961785))
  ((-0.726562 0.335937 -0.40625) (0.67169785 0.66453266 0.35133803 0.086063504)
   (-0.5988387 0.07787284 -0.4961785))
  ((0.632812 0.28125 -0.453125) (0.4178933 0.7130306 0.810307 0.36138618)
   (0.43131536 0.3724737 -0.6726321))
  ((-0.632812 0.28125 -0.453125) (0.35078228 0.6666323 0.9369364 0.8627286)
   (-0.43131536 0.3724737 -0.6726321))
  ((0.640625 0.054687 -0.703125) (0.8242649 0.6549214 0.20802307 0.5051805)
   (0.61399925 0.30328533 -0.66111493))
  ((-0.640625 0.054687 -0.703125) (0.4910921 0.26313007 0.4725349 0.18104339)
   (-0.61399925 0.30328533 -0.66111493))
  ((0.796875 0.125 -0.5625) (0.12372279 0.90428627 0.36838818 0.5590888)
   (0.6323635 0.34883416 -0.43782073))
  ((-0.796875 0.125 -0.5625) (0.1944226 0.15631783 0.5998739 0.7060199)
   (-0.6323635 0.34883416 -0.43782073))
  ((0.796875 -0.117188 -0.617188) (0.26824582 0.6339247 0.42520297 0.55348015)
   (0.80604666 -0.018717999 -0.44957858))
  ((-0.796875 -0.117188 -0.617188) (0.78988326 0.74035895 0.1429056 0.38297284)
   (-0.80604666 -0.018717999 -0.44957858))
  ((0.640625 -0.195313 -0.75) (0.48497307 0.02204907 0.10750878 0.7845489)
   (0.6696207 -0.08226817 -0.7184442))
  ((-0.640625 -0.195313 -0.75) (0.8834441 0.8133466 0.026566386 0.97456634)
   (-0.6696207 -0.08226817 -0.7184442))
  ((0.640625 -0.445313 -0.679688) (0.7943827 0.4178468 0.39331627 0.2759055)
   (0.6000928 -0.5158082 -0.490966))
  ((-0.640625 -0.445313 -0.679688) (0.186741 0.24210894 0.6147337 0.85018945)
   (-0.6000928 -0.5158082 -0.490966))
  ((0.796875 -0.359375 -0.539062) (0.9121152 0.7614958 0.20333874 0.038904548)
   (0.78733337 -0.34216034 -0.30136916))
  ((-0.796875 -0.359375 -0.539062) (0.9907794 0.44081032 0.66418564 0.18215358)
   (-0.78733337 -0.3421603 -0.3013692))
  ((0.617188 -0.585938 -0.328125) (0.59469354 0.11302221 0.12409043 0.27755642)
   (0.5919733 -0.75352824 0.08433486))
  ((-0.617188 -0.585938 -0.328125) (0.5964879 0.5929431 0.09270251 0.92911994)
   (-0.59197325 -0.75352824 0.08433486))
  ((0.484375 -0.546875 -0.023437) (0.010856271 0.8958664 0.5228517 0.10386491)
   (0.5022668 -0.61898917 0.510707))
  ((-0.484375 -0.546875 -0.023437)
   (0.26213992 0.0068205595 0.17978323 0.26667285)
   (-0.5022668 -0.61898917 0.510707))
  ((0.820312 -0.203125 -0.328125) (0.1617248 0.4262507 0.554481 0.8502002)
   (0.3047467 0.25052088 -0.16317101))
  ((-0.820312 -0.203125 -0.328125)
   (0.8102695 0.80709755 0.067543864 0.27258468)
   (-0.3047467 0.25052086 -0.16317101))
  ((0.40625 0.148438 0.171875) (0.21830833 0.683938 0.65161765 0.32730663)
   (0.5525391 0.13502187 0.79877543))
  ((-0.40625 0.148438 0.171875) (0.6761954 0.31922078 0.58794606 0.5408764)
   (-0.5525391 0.13502187 0.7987754))
  ((0.429688 -0.210937 0.195313) (0.4926268 0.2845602 0.020673156 0.8585075)
   (0.5173157 -0.19737217 0.7741902))
  ((-0.429688 -0.210937 0.195313) (0.09689462 0.6044253 0.33583224 0.6643671)
   (-0.5173157 -0.19737217 0.7741902))
  ((0.890625 -0.234375 -0.40625) (0.20693588 0.42101324 0.052204847 0.30855584)
   (-0.09671699 0.5292442 -0.5329806))
  ((-0.890625 -0.234375 -0.40625) (0.4594189 0.4813105 0.4145069 0.8382344)
   (0.09671699 0.5292442 -0.5329806))
  ((0.773438 -0.125 0.140625) (0.56275403 0.2076745 0.57595384 0.76649094)
   (0.044758394 0.4860792 0.36137602))
  ((-0.773438 -0.125 0.140625) (0.3850639 0.5602509 0.11333966 0.9900094)
   (-0.0447584 0.4860792 0.36137602))
  ((1.039062 -0.328125 0.101563) (0.79304147 0.7701212 0.123181224 0.7959751)
   (0.41045043 0.4159853 0.5076262))
  ((-1.039062 -0.328125 0.101563) (0.560351 0.55587554 0.6751677 0.4850527)
   (-0.41045043 0.4159853 0.5076262))
  ((1.28125 -0.429688 -0.054687)
   (0.21573174 0.0029824972 0.48250806 0.78997445)
   (0.5260003 0.49647015 0.32876188))
  ((-1.28125 -0.429688 -0.054687) (0.20962644 0.40399468 0.25577664 0.5441494)
   (-0.5260003 0.4964702 0.32876188))
  ((1.351562 -0.421875 -0.320312) (0.099080205 0.21691346 0.97045875 0.5581138)
   (0.55202633 0.5140015 -0.15756166))
  ((-1.351562 -0.421875 -0.320312) (0.78095126 0.9987843 0.59792054 0.76902235)
   (-0.55202633 0.5140015 -0.15756166))
  ((1.234375 -0.421875 -0.507812) (0.46868205 0.6614617 0.102663755 0.25591433)
   (0.2292804 0.245255 -0.53879756))
  ((-1.234375 -0.421875 -0.507812)
   (0.14577055 0.49933004 0.17705488 0.0063050985)
   (-0.2292804 0.245255 -0.5387976))
  ((1.023438 -0.3125 -0.476562) (0.5967016 0.25642276 0.88601625 0.95737314)
   (0.020986682 0.3614208 -0.5576081))
  ((-1.023438 -0.3125 -0.476562) (0.36743104 0.45373857 0.26416588 0.44679797)
   (-0.020986676 0.3614208 -0.5576082))
  ((1.015625 -0.289063 -0.414062) (0.445449 0.36515403 0.22070694 0.897416)
   (0.50397956 0.71709603 0.07783334))
  ((-1.015625 -0.289063 -0.414062)
   (0.23498559 0.34411776 0.28143573 0.81873107)
   (-0.50397956 0.71709603 0.07783334))
  ((1.1875 -0.390625 -0.4375) (0.6576284 0.6775242 0.30762398 0.42377877)
   (0.25595486 0.8282131 0.13342887))
  ((-1.1875 -0.390625 -0.4375) (0.49826288 0.90214026 0.16637135 0.7557832)
   (-0.25595486 0.8282131 0.13342886))
  ((1.265625 -0.40625 -0.289062) (0.48006463 0.41814065 0.46965373 0.94142675)
   (-0.2042855 0.82014483 0.10962266))
  ((-1.265625 -0.40625 -0.289062) (0.46991503 0.84581876 0.94119704 0.6745528)
   (0.2042855 0.82014483 0.10962267))
  ((1.210938 -0.40625 -0.078125) (0.7338605 0.1866386 0.17246902 0.34685326)
   (-0.13745557 0.6685859 -0.27243972))
  ((-1.210938 -0.40625 -0.078125) (0.7328732 0.1967411 0.7383976 0.39498317)
   (0.13745557 0.6685859 -0.27243972))
  ((1.03125 -0.304688 0.039063) (0.37005687 0.43190253 0.19588315 0.55566)
   (0.37197682 0.6390476 -0.345357))
  ((-1.03125 -0.304688 0.039063) (0.57872784 0.16147316 0.7353058 0.8106023)
   (-0.37197682 0.6390476 -0.345357))
  ((0.828125 -0.132812 0.070313) (0.4120556 0.41498077 0.17333305 0.17006528)
   (0.25887904 0.62445486 -0.3426672))
  ((-0.828125 -0.132812 0.070313) (0.5438678 0.038365006 0.41134894 0.9569745)
   (-0.25887904 0.62445486 -0.3426672))
  ((0.921875 -0.21875 -0.359375) (0.77654326 0.33218038 0.10355699 0.8369489)
   (0.35821682 0.7843227 0.051736206))
  ((-0.921875 -0.21875 -0.359375) (0.45790648 0.60950375 0.2838812 0.16177869)
   (-0.35821682 0.7843227 0.051736206))
  ((0.945312 -0.289062 -0.304688) (0.96896064 0.68775535 0.30369103 0.7761444)
   (0.6649669 0.4496789 0.53310317))
  ((-0.945312 -0.289062 -0.304688)
   (0.5638639 0.012027025 0.20121264 0.019839525)
   (-0.66496694 0.4496789 0.53310317))
  ((0.882812 -0.210938 0.023438) (0.5881326 0.39674556 0.474746 0.78676414)
   (0.127102 0.37031943 -0.83712065))
  ((-0.882812 -0.210938 0.023438) (0.06174445 0.39304113 0.18299735 0.6705166)
   (-0.127102 0.37031943 -0.83712065))
  ((1.039062 -0.367188 0.0) (0.8106308 0.5594779 0.20969248 0.15440679)
   (-0.13404834 0.257184 -0.8698263))
  ((-1.039062 -0.367188 0.0) (0.22456789 0.5828397 0.56885576 0.5509603)
   (0.13404834 0.257184 -0.8698263))
  ((1.1875 -0.445312 -0.09375) (0.5831406 0.2434119 0.20706677 0.8423424)
   (-0.59380955 -0.0042953924 -0.5661484))
  ((-1.1875 -0.445312 -0.09375) (0.9288453 0.45083666 0.86496997 0.56959105)
   (0.59380955 -0.004295391 -0.5661484))
  ((1.234375 -0.445312 -0.25) (0.3895043 0.16926742 0.5161985 0.6555941)
   (-0.7845331 0.052866008 0.061529152))
  ((-1.234375 -0.445312 -0.25) (0.86528456 0.10419762 0.31099606 0.22176862)
   (0.78453296 0.052866016 0.061529152))
  ((1.171875 -0.4375 -0.359375) (0.21951008 0.08914542 0.8675196 0.6958076)
   (-0.1548855 0.47816035 0.5843625))
  ((-1.171875 -0.4375 -0.359375) (0.37492156 0.053933144 0.5323576 0.9997225)
   (0.1548855 0.47816035 0.5843625))
  ((1.023438 -0.359375 -0.34375) (0.59566045 0.7104987 0.97520745 0.8059268)
   (0.52223086 0.4867555 0.649021))
  ((-1.023438 -0.359375 -0.34375) (0.5379164 0.25761092 0.7920134 0.23163605)
   (-0.52223086 0.4867555 0.649021))
  ((0.84375 -0.210938 -0.289062) (0.5458776 0.6606829 0.07446921 0.97566164)
   (0.41904837 0.81647027 0.2610278))
  ((-0.84375 -0.210938 -0.289062) (0.3465898 0.29123712 0.85912883 0.5006646)
   (-0.4190484 0.81647027 0.2610278))
  ((0.835938 -0.273438 -0.171875) (0.9034784 0.5147438 0.21971428 0.3332883)
   (0.6856437 0.2835495 0.6153154))
  ((-0.835938 -0.273438 -0.171875) (0.11880648 0.080055 0.6316228 0.4605093)
   (-0.68564355 0.2835495 0.6153152))
  ((0.757812 -0.273438 -0.09375) (0.54544425 0.5594835 0.3928659 0.97729397)
   (0.46861336 0.42062637 0.014441848))
  ((-0.757812 -0.273438 -0.09375) (0.25066435 0.18751729 0.26030278 0.9343462)
   (-0.46861315 0.42062637 0.014441669))
  ((0.820312 -0.273438 -0.085937)
   (0.18470466 0.15675533 0.015640497 0.07033825)
   (0.327059 0.2512775 -0.5674095))
  ((-0.820312 -0.273438 -0.085937) (0.8462187 0.7444227 0.31114626 0.1558268)
   (-0.327059 0.2512775 -0.5674095))
  ((0.84375 -0.273438 -0.015625) (0.445845 0.56837475 0.06241858 0.9542397)
   (0.5966081 0.3928127 0.09798943))
  ((-0.84375 -0.273438 -0.015625) (0.21763587 0.88130474 0.26353264 0.56358624)
   (-0.59660816 0.3928127 0.09798929))
  ((0.8125 -0.273438 0.015625) (0.25299966 0.033609986 0.26860654 0.7357211)
   (0.2709976 0.3268023 -0.40102917))
  ((-0.8125 -0.273438 0.015625) (0.19718814 0.23578286 0.2840544 0.19724989)
   (-0.2709976 0.3268023 -0.40102917))
  ((0.726562 -0.070312 0.0) (0.33650255 0.033165336 0.39249778 0.93555427)
   (0.8544646 -0.12737659 0.4232546))
  ((-0.726562 -0.070312 0.0) (0.63495946 0.21301615 0.6328579 0.67745817)
   (-0.85446465 -0.12737659 0.4232546))
  ((0.71875 -0.171875 0.023438) (0.43512654 0.1737839 0.50208366 0.41031587)
   (0.3703707 0.48829937 -0.14283016))
  ((-0.71875 -0.171875 0.023438) (0.7858448 0.035557985 0.40644634 0.9535583)
   (-0.3703707 0.48829937 -0.14283016))
  ((0.71875 -0.1875 -0.039062) (0.111475825 0.07038033 0.36886728 0.7062781)
   (0.74443734 0.3223245 0.09414285))
  ((-0.71875 -0.1875 -0.039062) (0.42406166 0.9012277 0.1546936 0.70587087)
   (-0.74443734 0.3223245 0.09414285))
  ((0.796875 -0.210938 -0.203125) (0.8276007 0.9606006 0.41343033 0.72461474)
   (0.69109935 0.32501978 0.35911098))
  ((-0.796875 -0.210938 -0.203125) (0.11557782 0.642614 0.6268579 0.8372482)
   (-0.6910992 0.32501975 0.35911086))
  ((0.890625 -0.265625 -0.242187) (0.33240712 0.19646347 0.2449944 0.65354884)
   (0.6630514 0.4616166 0.4689734))
  ((-0.890625 -0.265625 -0.242187) (0.9758694 0.07521224 0.34086394 0.8262769)
   (-0.6630514 0.4616166 0.4689734))
  ((0.890625 -0.320312 -0.234375) (0.51558447 0.3355645 0.79359853 0.037777185)
   (0.61028814 0.41218787 0.4565332))
  ((-0.890625 -0.320312 -0.234375) (0.14798951 0.7130002 0.36819208 0.6827533)
   (-0.6102882 0.41218787 0.4565332))
  ((0.8125 -0.320312 0.015625) (0.80477655 0.57637393 0.96567035 0.45903707)
   (0.21034852 0.18244025 -0.031258255))
  ((-0.8125 -0.320312 0.015625) (0.8043679 0.46909487 0.24134386 0.17292666)
   (-0.21034852 0.18244025 -0.031258255))
  ((0.851562 -0.320312 -0.015625) (0.30873954 0.12645972 0.7626903 0.84846497)
   (0.17327635 0.5764522 -0.16221684))
  ((-0.851562 -0.320312 -0.015625) (0.3222679 0.21047425 0.51622486 0.20264423)
   (-0.17327635 0.5764522 -0.16221702))
  ((0.828125 -0.320312 -0.078125) (0.7422222 0.238029 0.70155346 0.46764016)
   (0.39150715 0.5204917 -0.273535))
  ((-0.828125 -0.320312 -0.078125) (0.37107134 0.58192825 0.58829725 0.6372497)
   (-0.39150715 0.5204917 -0.2735352))
  ((0.765625 -0.320312 -0.09375) (0.061258554 0.14778554 0.66484666 0.28252745)
   (0.3538548 0.2268728 -0.1101318))
  ((-0.765625 -0.320312 -0.09375) (0.19498038 0.1108433 0.6706226 0.95982945)
   (-0.3538548 0.2268728 -0.1101318))
  ((0.84375 -0.320312 -0.171875) (0.59844995 0.58503306 0.905185 0.27836037)
   (0.35671315 0.6920292 0.23949265))
  ((-0.84375 -0.320312 -0.171875) (0.84529126 0.6486527 0.71921253 0.94535804)
   (-0.35671315 0.6920292 0.23949265))
  ((1.039062 -0.414062 -0.328125) (0.1166383 0.0104699135 0.4850906 0.8428867)
   (0.33705652 0.59590983 0.21904634))
  ((-1.039062 -0.414062 -0.328125) (0.8486695 0.13922358 0.8587115 0.89269316)
   (-0.33705652 0.59590983 0.21904634))
  ((1.1875 -0.484375 -0.34375) (0.24974549 0.9289309 0.04886794 0.2403934)
   (-0.0012606531 0.385584 0.13521151))
  ((-1.1875 -0.484375 -0.34375) (0.5803704 0.96984756 0.6350411 0.4599396)
   (0.0012606531 0.385584 0.13521169))
  ((1.257812 -0.492188 -0.242187) (0.3073802 0.19399178 0.91387177 0.14069545)
   (-0.14197254 0.21206126 0.035586253))
  ((-1.257812 -0.492188 -0.242187)
   (0.87146163 0.52928734 0.91577256 0.82436514)
   (0.14197254 0.21206126 0.035586506))
  ((1.210938 -0.484375 -0.085937) (0.4809568 0.11176956 0.5277958 0.012003303)
   (-0.148622 0.17978935 -0.07232016))
  ((-1.210938 -0.484375 -0.085937)
   (0.5186547 0.34408247 0.48129606 0.058051944)
   (0.14862202 0.17978935 -0.07232017))
  ((1.046875 -0.421875 0.0) (0.48737657 0.06903398 0.21184075 0.3653698)
   (0.13179044 0.38726243 -0.30683225))
  ((-1.046875 -0.421875 0.0) (0.3631208 0.94485545 0.92652106 0.66162884)
   (-0.13179044 0.38726243 -0.30683228))
  ((0.882812 -0.265625 0.015625) (0.4243263 0.7490299 0.19703746 0.27585173)
   (-0.03546015 0.31577986 -0.7868536))
  ((-0.882812 -0.265625 0.015625) (0.64714885 0.45877945 0.35001945 0.6585988)
   (0.03546015 0.31577986 -0.7868536))
  ((0.953125 -0.34375 -0.289062) (0.32713974 0.32101345 0.3319744 0.12748706)
   (0.55112654 0.5980472 0.32538685))
  ((-0.953125 -0.34375 -0.289062) (0.78877866 0.8147713 0.03311634 0.20931625)
   (-0.55112654 0.5980472 0.32538685))
  ((0.890625 -0.328125 -0.109375) (0.40540457 0.19850278 0.30718064 0.7850404)
   (0.18331102 0.9796514 -0.036767196))
  ((-0.890625 -0.328125 -0.109375)
   (0.9069141 0.33133876 0.081768155 0.99119675)
   (-0.18331102 0.9796514 -0.036767196))
  ((0.9375 -0.335938 -0.0625) (0.35946774 0.9247842 0.07312596 0.4225726)
   (0.293598 0.8323268 -0.152198))
  ((-0.9375 -0.335938 -0.0625) (0.6184076 0.8190056 0.49723768 0.21544898)
   (-0.293598 0.8323268 -0.152198))
  ((1.0 -0.367188 -0.125) (0.24037397 0.9786421 0.050090313 0.22364593)
   (0.44141373 0.8826887 0.0879785))
  ((-1.0 -0.367188 -0.125) (0.65166724 0.7171974 0.092898846 0.5813247)
   (-0.44141373 0.8826887 0.0879785))
  ((0.960938 -0.351562 -0.171875) (0.79776144 0.6556071 0.8301867 0.51805747)
   (0.3245446 0.93895805 0.0016101245))
  ((-0.960938 -0.351562 -0.171875)
   (0.36147547 0.090414405 0.5107734 0.13926351)
   (-0.3245446 0.93895805 0.0016101254))
  ((1.015625 -0.375 -0.234375) (0.041071534 0.03468299 0.8473512 0.26983833)
   (0.29873782 0.910847 -0.1302446))
  ((-1.015625 -0.375 -0.234375) (0.30739975 0.79307973 0.8652271 0.48464513)
   (-0.29873782 0.910847 -0.1302446))
  ((1.054688 -0.382812 -0.1875) (0.3270247 0.2073263 0.84219444 0.90577066)
   (0.3092566 0.92315626 0.10013772))
  ((-1.054688 -0.382812 -0.1875) (0.58931565 0.8283256 0.15478837 0.48470294)
   (-0.30925655 0.92315626 0.10013772))
  ((1.109375 -0.390625 -0.210937) (0.88007116 0.8041353 0.51522744 0.88626707)
   (0.41509 0.8531596 -0.0011856019))
  ((-1.109375 -0.390625 -0.210937) (0.5038928 0.12536454 0.45733893 0.7022741)
   (-0.41509 0.8531596 -0.0011853994))
  ((1.085938 -0.390625 -0.273437) (0.1283741 0.07335615 0.5346589 0.12756658)
   (0.2395046 0.88732624 -0.24829939))
  ((-1.085938 -0.390625 -0.273437) (0.34240437 0.69437814 0.43042493 0.5434437)
   (-0.2395046 0.88732624 -0.24829939))
  ((1.023438 -0.484375 -0.4375) (0.28412163 0.26037884 0.8380965 0.7852173)
   (-0.3021765 -0.58918 -0.44763014))
  ((-1.023438 -0.484375 -0.4375) (0.78152406 0.723987 0.6322801 0.67522407)
   (0.3021765 -0.58918 -0.44763014))
  ((1.25 -0.546875 -0.46875) (0.6348556 0.32756376 0.62907946 0.36872268)
   (0.32153058 -0.45132723 -0.3935344))
  ((-1.25 -0.546875 -0.46875) (0.57814693 0.8001621 0.70452774 0.036784172)
   (-0.32153058 -0.45132723 -0.3935344))
  ((1.367188 -0.5 -0.296875) (0.011273146 0.008171916 0.27132273 0.780597)
   (0.7721478 -0.09252551 -0.022291753))
  ((-1.367188 -0.5 -0.296875) (0.9017887 0.99988306 0.88792825 0.40012896)
   (-0.7721478 -0.09252551 -0.022291753))
  ((1.3125 -0.53125 -0.054687) (0.120037556 0.2560854 0.73349977 0.83896506)
   (0.27952322 -0.48756462 0.23108177))
  ((-1.3125 -0.53125 -0.054687) (0.26237738 0.70556486 0.71014726 0.655684)
   (-0.27952322 -0.48756462 0.23108177))
  ((1.039062 -0.492188 0.085938) (0.9940065 0.8472223 0.44834292 0.5517392)
   (-0.023587998 -0.45136666 0.45372283))
  ((-1.039062 -0.492188 0.085938) (0.30490208 0.2900194 0.2099812 0.8363763)
   (0.023587998 -0.45136666 0.45372283))
  ((0.789062 -0.328125 0.125) (0.77449083 0.984092 0.28437424 0.941491)
   (0.044898435 -0.4426223 0.6030819))
  ((-0.789062 -0.328125 0.125) (0.05026996 0.35067177 0.8422245 0.86666024)
   (-0.044898435 -0.4426223 0.6030819))
  ((0.859375 -0.382813 -0.382812) (0.36820054 0.14220595 0.45155048 0.87668455)
   (-0.404615 -0.36893103 -0.40566128))
  ((-0.859375 -0.382813 -0.382812) (0.7407253 0.64009225 0.68312013 0.8309277)
   (0.404615 -0.368931 -0.40566128)))
 (60 64 48 49 65 61 62 64 60 61 65 63 60 58 62 63 59 61 60 56 58 59 57 61 60 54
  56 57 55 61 60 52 54 55 53 61 60 50 52 53 51 61 60 48 50 51 49 61 224 228 226
  227 229 225 72 283 73 73 284 72 341 347 383 384 348 342 299 345 343 344 346
  300 323 379 351 352 380 324 441 443 445 446 444 442 463 491 465 466 492 464
  495 497 499 500 498 496 504 322 320 504 320 390 319 321 503 319 503 389 504
  506 314 504 314 322 313 505 503 313 503 321 388 382 506 382 314 506 313 381
  505 381 387 505 500 496 494 500 494 502 493 495 499 493 499 501 504 502 506
  502 494 506 493 501 505 501 503 505 494 400 506 400 388 506 387 399 505 399
  493 505 496 398 494 398 400 494 399 397 493 397 495 493 498 396 496 396 398
  496 397 395 495 395 497 495 500 394 498 394 396 498 395 393 497 393 499 497
  502 392 394 502 394 500 393 391 501 393 501 499 504 390 392 504 392 502 391
  389 503 391 503 501 490 492 466 490 466 468 465 491 489 465 489 467 488 490
  470 490 468 470 467 489 469 489 487 469 482 488 472 488 470 472 469 487 471
  487 481 471 480 482 472 480 472 474 471 481 479 471 479 473 480 474 456 474
  454 456 453 473 455 473 479 455 462 478 458 462 458 460 457 477 461 457 461
  459 478 462 484 462 452 484 451 461 483 461 477 483 486 484 476 484 452 476
  451 483 475 483 485 475 486 476 464 486 464 492 463 475 485 463 485 491 490
  488 492 488 486 492 485 487 491 487 489 491 488 482 484 488 484 486 483 481
  487 483 487 485 482 480 484 480 478 484 477 479 483 479 481 483 480 456 478
  456 458 478 457 455 477 455 479 477 472 420 474 420 418 474 417 419 473 419
  471 473 470 422 472 422 420 472 419 421 471 421 469 471 468 424 470 424 422
  470 421 423 469 423 467 469 466 426 424 466 424 468 423 425 465 423 465 467
  464 428 426 464 426 466 425 427 463 425 463 465 476 416 428 476 428 464 427
  415 475 427 475 463 474 418 440 474 440 454 439 417 473 439 473 453 454 440
  438 454 438 456 437 439 453 437 453 455 456 438 458 438 436 458 435 437 457
  437 455 457 458 436 460 436 434 460 433 435 459 435 457 459 460 434 432 460
  432 462 431 433 459 431 459 461 462 432 452 432 450 452 449 431 451 431 461
  451 452 450 416 452 416 476 415 449 451 415 451 475 446 442 448 442 312 448
  311 441 447 441 445 447 430 448 382 448 312 382 311 447 381 447 429 381 450
  430 416 430 414 416 413 429 415 429 449 415 432 448 450 448 430 450 429 447
  449 447 431 449 446 448 434 448 432 434 431 447 433 447 445 433 438 446 434
  438 434 436 433 445 437 433 437 435 444 446 440 446 438 440 437 445 439 445
  443 439 440 418 412 440 412 444 411 417 439 411 439 443 414 430 382 414 382
  388 381 429 413 381 413 387 442 318 310 442 310 312 309 317 441 309 441 311
  412 390 444 390 320 444 319 389 443 389 411 443 444 320 442 320 318 442 317
  319 441 319 443 441 416 414 402 416 402 428 401 413 415 401 415 427 426 428
  404 428 402 404 401 427 403 427 425 403 424 426 406 426 404 406 403 425 405
  425 423 405 422 424 408 424 406 408 405 423 407 423 421 407 420 422 408 420
  408 410 407 421 419 407 419 409 418 420 410 418 410 412 409 419 417 409 417
  411 412 410 392 412 392 390 391 409 411 391 411 389 410 408 392 408 394 392
  393 407 391 407 409 391 408 406 394 406 396 394 395 405 393 405 407 393 406
  404 396 404 398 396 397 403 395 403 405 395 404 402 400 404 400 398 399 401
  403 399 403 397 414 388 402 388 400 402 399 387 401 387 413 401 380 352 386
  352 350 386 349 351 385 351 379 385 380 386 322 386 320 322 319 385 321 385
  379 321 380 378 324 378 316 324 315 377 323 377 379 323 380 322 378 322 314
  378 313 321 377 321 379 377 342 344 300 342 300 384 299 343 341 299 341 383
  384 300 298 384 298 318 297 299 383 297 383 317 386 384 320 384 318 320 317
  383 319 383 385 319 386 350 384 350 348 384 347 349 383 349 385 383 370 376
  382 376 314 382 313 375 381 375 369 381 370 382 312 370 312 368 311 381 369
  311 369 367 368 312 310 368 310 362 309 311 367 309 367 361 310 296 362 296
  294 362 293 295 361 295 309 361 360 290 284 360 284 73 283 289 359 283 359 73
  288 286 290 286 284 290 283 285 289 285 287 289 358 360 301 360 73 301 73 359
  301 359 357 301 364 292 360 292 290 360 289 291 359 291 363 359 364 360 358
  364 358 366 357 359 363 357 363 365 366 358 356 366 356 372 355 357 365 355
  365 371 372 356 354 372 354 374 353 355 371 353 371 373 374 354 316 374 316
  378 315 353 373 315 373 377 374 378 376 378 314 376 313 377 375 377 373 375
  376 370 372 376 372 374 371 369 375 371 375 373 370 368 366 370 366 372 365
  367 369 365 369 371 368 362 364 368 364 366 363 361 367 363 367 365 362 294
  292 362 292 364 291 293 361 291 361 363 316 354 74 316 74 75 74 353 315 74
  315 75 354 356 302 354 302 74 302 355 353 302 353 74 356 358 302 358 301 302
  301 357 302 357 355 302 324 316 76 316 75 76 75 315 76 315 323 76 318 298 296
  318 296 310 295 297 317 295 317 309 348 328 342 328 326 342 325 327 341 327
  347 341 328 348 304 328 304 308 304 347 327 304 327 308 348 350 77 348 77 304
  77 349 347 77 347 304 350 352 77 352 303 77 303 351 77 351 349 77 352 324 303
  324 76 303 76 323 303 323 351 303 300 346 92 346 79 92 78 345 91 345 299 91
  344 215 346 215 79 346 78 214 345 214 343 345 342 326 209 326 81 209 80 325
  208 325 341 208 344 342 215 342 209 215 208 341 214 341 343 214 332 83 81 332
  81 326 80 82 331 80 331 325 338 332 328 332 326 328 325 331 327 331 337 327
  340 334 336 334 330 336 329 333 335 333 339 335 338 336 330 338 330 332 329
  335 337 329 337 331 330 85 83 330 83 332 82 84 329 82 329 331 334 87 85 334
  85 330 84 86 333 84 333 329 340 89 87 340 87 334 86 88 339 86 339 333 305 90
  89 305 89 340 88 90 305 88 305 339 336 306 340 306 305 340 305 306 339 306
  335 339 338 307 336 307 306 336 306 307 335 307 337 335 328 308 338 308 307
  338 307 308 337 308 327 337 300 92 94 300 94 298 93 91 299 93 299 297 298 94
  96 298 96 296 95 93 297 95 297 295 296 96 294 96 98 294 97 95 293 95 295 293
  294 98 100 294 100 292 99 97 293 99 293 291 292 100 290 100 102 290 101 99
  289 99 291 289 290 102 288 102 104 288 103 101 287 101 289 287 288 104 286
  104 106 286 105 103 285 103 287 285 286 106 108 286 108 284 107 105 285 107
  285 283 284 108 66 284 66 72 66 107 283 66 283 72 280 234 232 280 232 282 231
  233 279 231 279 281 282 232 254 282 254 260 253 231 281 253 281 259 260 254
  256 260 256 258 255 253 259 255 259 257 262 252 234 262 234 280 233 251 261
  233 261 279 264 250 262 250 252 262 251 249 261 249 263 261 266 248 264 248
  250 264 249 247 263 247 265 263 268 246 248 268 248 266 247 245 267 247 267
  265 270 244 268 244 246 268 245 243 267 243 269 267 272 242 244 272 244 270
  243 241 271 243 271 269 274 240 272 240 242 272 241 239 271 239 273 271 278
  236 274 236 240 274 239 235 273 235 277 273 276 238 236 276 236 278 235 237
  275 235 275 277 258 256 238 258 238 276 237 255 257 237 257 275 256 110 128
  256 128 238 127 109 255 127 255 237 238 128 179 238 179 236 178 127 237 178
  237 235 236 179 126 236 126 240 125 178 235 125 235 239 240 126 242 126 124
  242 123 125 241 125 239 241 242 124 244 124 122 244 121 123 243 123 241 243
  244 122 120 244 120 246 119 121 243 119 243 245 246 120 118 246 118 248 117
  119 245 117 245 247 248 118 116 248 116 250 115 117 247 115 247 249 250 116
  114 250 114 252 113 115 249 113 249 251 252 114 234 114 181 234 180 113 233
  113 251 233 254 112 256 112 110 256 109 111 255 111 253 255 232 183 112 232
  112 254 111 182 231 111 231 253 234 181 183 234 183 232 182 180 233 182 233
  231 229 230 223 229 223 225 223 230 228 223 228 224 223 71 225 71 222 225 221
  71 224 71 223 224 225 222 220 225 220 227 219 221 224 219 224 226 227 220 218
  227 218 229 217 219 226 217 226 228 229 218 230 218 216 230 216 217 230 217
  228 230 218 135 136 218 136 216 136 134 217 136 217 216 220 133 135 220 135
  218 134 132 219 134 219 217 222 131 133 222 133 220 132 130 221 132 221 219
  71 129 222 129 131 222 130 129 221 129 71 221 211 164 79 211 79 215 78 163
  210 78 210 214 211 215 213 215 209 213 208 214 212 214 210 212 213 209 166
  209 81 166 80 208 165 208 212 165 166 187 213 187 144 213 143 186 212 186 165
  212 213 144 211 144 142 211 141 143 210 143 212 210 211 142 140 211 140 164
  139 141 210 139 210 163 164 140 138 164 138 176 138 139 163 138 163 176 206
  207 198 206 198 204 198 207 205 198 205 203 202 204 200 204 198 200 198 203
  199 203 201 199 206 204 193 206 193 191 192 203 205 192 205 190 204 202 193
  202 195 193 194 201 192 201 203 192 202 200 197 202 197 195 196 199 201 196
  201 194 200 198 70 200 70 197 70 198 199 70 199 196 206 191 207 191 69 207 69
  190 207 190 205 207 191 144 69 144 189 69 189 143 69 143 190 69 197 70 138 70
  137 138 137 70 138 70 196 138 195 197 140 197 138 140 138 196 139 196 194 139
  193 195 142 195 140 142 139 194 141 194 192 141 191 193 142 191 142 144 141
  192 190 141 190 143 185 131 68 131 129 68 129 130 68 130 184 68 188 187 68
  187 185 68 184 186 68 186 188 68 188 189 187 189 144 187 143 189 186 189 188
  186 168 170 131 168 131 185 130 169 167 130 167 184 185 187 166 185 166 168
  165 186 184 165 184 167 172 133 170 133 131 170 130 132 169 132 171 169 174
  135 133 174 133 172 132 134 173 132 173 171 175 136 135 175 135 174 134 136
  175 134 175 173 183 181 177 181 176 177 176 180 177 180 182 177 177 67 112
  177 112 183 111 67 177 111 177 182 67 162 112 162 110 112 109 161 111 161 67
  111 176 181 114 176 114 164 113 180 176 113 176 163 146 164 114 146 114 116
  113 163 145 113 145 115 148 146 118 146 116 118 115 145 117 145 147 117 150
  148 120 148 118 120 117 147 119 147 149 119 152 150 122 150 120 122 119 149
  121 149 151 121 154 152 124 152 122 124 121 151 123 151 153 123 156 154 126
  154 124 126 123 153 125 153 155 125 158 156 179 156 126 179 125 155 178 155
  157 178 158 179 128 158 128 160 127 178 157 127 157 159 160 128 162 128 110
  162 109 127 161 127 159 161 67 66 162 66 108 162 107 66 161 66 67 161 162 108
  160 108 106 160 105 107 159 107 161 159 160 106 158 106 104 158 103 105 157
  105 159 157 158 104 102 158 102 156 101 103 157 101 157 155 156 102 154 102
  100 154 99 101 153 101 155 153 154 100 152 100 98 152 97 99 151 99 153 151
  152 98 150 98 96 150 95 97 149 97 151 149 150 96 94 150 94 148 93 95 149 93
  149 147 148 94 146 94 92 146 91 93 145 93 147 145 146 92 79 146 79 164 78 91
  145 78 145 163 168 166 81 168 81 83 80 165 167 80 167 82 170 168 83 170 83 85
  82 167 169 82 169 84 172 170 85 172 85 87 84 169 171 84 171 86 174 172 89 172
  87 89 86 171 88 171 173 88 175 174 90 174 89 90 88 173 90 173 175 90 49 47 1
  49 1 65 0 46 48 0 48 64 65 1 11 65 11 63 10 0 64 10 64 62 63 11 13 63 13 59
  12 10 62 12 62 58 59 13 23 59 23 57 22 12 58 22 58 56 57 23 55 23 25 55 24 22
  54 22 56 54 55 25 53 25 35 53 34 24 52 24 54 52 53 35 51 35 37 51 36 34 50 34
  52 50 51 37 49 37 47 49 46 36 48 36 50 48 45 47 39 47 37 39 36 46 38 46 44 38
  43 45 41 45 39 41 38 44 40 44 42 40 41 39 31 39 33 31 32 38 30 38 40 30 39 37
  33 37 35 33 34 36 32 36 38 32 33 35 27 35 25 27 24 34 26 34 32 26 31 33 29 33
  27 29 26 32 28 32 30 28 29 27 19 27 21 19 20 26 18 26 28 18 27 25 23 27 23 21
  22 24 26 22 26 20 21 23 15 23 13 15 12 22 14 22 20 14 19 21 17 21 15 17 14 20
  16 20 18 16 17 15 9 17 9 7 8 14 16 8 16 6 15 13 11 15 11 9 10 12 14 10 14 8 9
  11 1 9 1 3 0 10 8 0 8 2 7 9 3 7 3 5 2 8 6 2 6 4 5 3 45 5 45 43 44 2 4 44 4 42
  3 1 47 3 47 45 46 0 2 46 2 44))