

(buffer-format (((:float x y z ) 
		 (:float nx ny nz) 
		 :length 20 )
		((:byte r g b) 
		 :length 10)))

(buffer-data (format_a 20)
	     (format_b 10))

x y z nx ny nz x y z nx ny nz .... r g b r g b r g b r g b r g b..

(((1.0 2.0 3.0) (-1.0 0.0 0.0))
 ((1.0 2.0 3.0) (-1.0 0.0 0.0))
 ((1.0 2.0 3.0) (-1.0 0.0 0.0))
 ((1.0 2.0 3.0) (-1.0 0.0 0.0))
 ((1.0 2.0 3.0) (-1.0 0.0 0.0))
 ((1.0 2.0 3.0) (-1.0 0.0 0.0))
 ((1.0 2.0 3.0) (-1.0 0.0 0.0))
 ((1.0 2.0 3.0) (-1.0 0.0 0.0))
 ((1.0 2.0 3.0) (-1.0 0.0 0.0))
 ((1.0 2.0 3.0) (-1.0 0.0 0.0))
 ((1.0 2.0 3.0) (-1.0 0.0 0.0))
 ((1.0 2.0 3.0) (-1.0 0.0 0.0))
 ((1.0 2.0 3.0) (-1.0 0.0 0.0))
 ((1.0 2.0 3.0) (-1.0 0.0 0.0))
 ((1.0 2.0 3.0) (-1.0 0.0 0.0))
 ((1.0 2.0 3.0) (-1.0 0.0 0.0))
 ((1.0 2.0 3.0) (-1.0 0.0 0.0))
 ((1.0 2.0 3.0) (-1.0 0.0 0.0))
 ((1.0 2.0 3.0) (-1.0 0.0 0.0))
 ((1.0 2.0 3.0) (-1.0 0.0 0.0))
 (255 0 0)
 (255 0 0)
 (255 0 0)
 (255 0 0)
 (255 0 0))


(defstruct renderable 
  (stream)
  (start)
  (end))
